{
  "accessors": [
    {
      "bufferView": 2,
      "componentType": 5126,
      "count": 31792,
      "max": [
        1.4837000370025635,
        1.3314900398254395,
        0.52950000762939453
      ],
      "min": [
        -1.4837000370025635,
        -4.7724399566650391,
        -0.81322002410888672
      ],
      "type": "VEC3"
    },
    {
      "bufferView": 2,
      "byteOffset": 381504,
      "componentType": 5126,
      "count": 31792,
      "max": [
        0.99996668100357056,
        0.99999302625656128,
        0.99997144937515259
      ],
      "min": [
        -0.99996668100357056,
        -0.99995392560958862,
        -0.99999505281448364
      ],
      "type": "VEC3"
    },
    {
      "bufferView": 3,
      "componentType": 5126,
      "count": 31792,
      "max": [
        0.99998027086257935,
        0.9992525577545166,
        0.99998289346694946,
        1
      ],
      "min": [
        -0.99999523162841797,
        -0.99948525428771973,
        -0.99999433755874634,
        -1
      ],
      "type": "VEC4"
    },
    {
      "bufferView": 1,
      "componentType": 5126,
      "count": 31792,
      "max": [
        0.94953000545501709,
        0.99804002046585083
      ],
      "min": [
        0.0019499999471008778,
        0.0019499999471008778
      ],
      "type": "VEC2"
    },
    {
      "bufferView": 0,
      "componentType": 5125,
      "count": 185856,
      "max": [
        31791
      ],
      "min": [
        0
      ],
      "type": "SCALAR"
    }
  ],
  "asset": {
    "extras": {
      "author": "Robin Duclos (https://sketchfab.com/robukan)",
      "license": "CC-BY-4.0 (http://creativecommons.org/licenses/by/4.0/)",
      "source": "https://sketchfab.com/models/169b9d4d764445008a94c0259e2c1996",
      "title": "Spider-Man Big Time"
    },
    "generator": "Sketchfab-3.23.4",
    "version": "2.0"
  },
  "bufferViews": [
    {
      "buffer": 0,
      "byteLength": 743424,
      "byteOffset": 0,
      "name": "floatBufferViews",
      "target": 34963
    },
    {
      "buffer": 0,
      "byteLength": 254336,
      "byteOffset": 743424,
      "byteStride": 8,
      "name": "floatBufferViews",
      "target": 34962
    },
    {
      "buffer": 0,
      "byteLength": 763008,
      "byteOffset": 997760,
      "byteStride": 12,
      "name": "floatBufferViews",
      "target": 34962
    },
    {
      "buffer": 0,
      "byteLength": 508672,
      "byteOffset": 1760768,
      "byteStride": 16,
      "name": "floatBufferViews",
      "target": 34962
    }
  ],
  "buffers": [
    {
      "byteLength": 2269440,
      "uri": "scene.bin"
    }
  ],
  "images": [
    {
      "uri": "textures/initialShadingGroup_baseColor.jpg"
    },
    {
      "uri": "textures/initialShadingGroup_emissive.jpg"
    }
  ],
  "materials": [
    {
      "doubleSided": true,
      "emissiveFactor": [
        1,
        1,
        1
      ],
      "emissiveTexture": {
        "index": 1,
        "texCoord": 0
      },
      "name": "initialShadingGroup",
      "pbrMetallicRoughness": {
        "baseColorFactor": [
          1,
          1,
          1,
          1
        ],
        "baseColorTexture": {
          "index": 0,
          "texCoord": 0
        },
        "metallicFactor": 1,
        "roughnessFactor": 0.59999999999999998
      }
    }
  ],
  "meshes": [
    {
      "name": "spider_man:Group55482 spider_man:polySurface1_0",
      "primitives": [
        {
          "attributes": {
            "NORMAL": 1,
            "POSITION": 0,
            "TANGENT": 2,
            "TEXCOORD_0": 3
          },
          "indices": 4,
          "material": 0,
          "mode": 4
        }
      ]
    }
  ],
  "nodes": [
    {
      "children": [
        1
      ],
      "name": "RootNode (gltf orientation matrix)",
      "rotation": [
        -0.70710678118654746,
        -0,
        -0,
        0.70710678118654757
      ]
    },
    {
      "children": [
        2
      ],
      "name": "RootNode (model correction matrix)"
    },
    {
      "children": [
        3,
        5,
        7,
        9,
        11,
        13
      ],
      "name": "Root"
    },
    {
      "children": [
        4
      ],
      "matrix": [
        -0.29086000000000006,
        0.95517000000000007,
        -0.05519000000000001,
        0,
        -0.77110000000000001,
        -0.19988000000000003,
        0.60452000000000006,
        0,
        0.56639000000000006,
        0.21839000000000003,
        0.7946700000000001,
        0,
        -0.29905000000000004,
        -1.5100899999999999,
        4.9947400000000002,
        1
      ],
      "name": "Lamp"
    },
    {
      "name": "Lamp"
    },
    {
      "children": [
        6
      ],
      "matrix": [
        1,
        0,
        0,
        0,
        0,
        -0,
        1,
        0,
        0,
        -1,
        -0,
        0,
        0,
        0,
        4.7829499999999996,
        1
      ],
      "name": "spider_man:Group55482 spider_man:polySurface1"
    },
    {
      "mesh": 0,
      "name": "spider_man:Group55482 spider_man:polySurface1_0"
    },
    {
      "children": [
        8
      ],
      "matrix": [
        -0.29086000000000006,
        0.95517000000000007,
        -0.05519000000000001,
        0,
        -0.77110000000000001,
        -0.19988000000000003,
        0.60452000000000006,
        0,
        0.56639000000000006,
        0.21839000000000003,
        0.7946700000000001,
        0,
        -0.29905000000000004,
        2.2401500000000003,
        4.9947400000000002,
        1
      ],
      "name": "Lamp.001"
    },
    {
      "name": "Lamp.001"
    },
    {
      "children": [
        10
      ],
      "matrix": [
        1,
        0,
        0,
        0,
        0,
        1,
        0,
        0,
        0,
        0,
        1,
        0,
        -0.013060000000000002,
        -1.0450599999999999,
        10.018259999999998,
        1
      ],
      "name": "Hemi"
    },
    {
      "name": "Hemi"
    },
    {
      "children": [
        12
      ],
      "matrix": [
        -0.29086000000000006,
        0.95517000000000007,
        -0.05519000000000001,
        0,
        -0.77110000000000001,
        -0.19988000000000003,
        0.60452000000000006,
        0,
        0.56639000000000006,
        0.21839000000000003,
        0.7946700000000001,
        0,
        -3.5214799999999999,
        -0.56175000000000008,
        4.9947400000000002,
        1
      ],
      "name": "Lamp.002"
    },
    {
      "name": "Lamp.002"
    },
    {
      "children": [
        14
      ],
      "matrix": [
        -0.29086000000000006,
        0.95517000000000007,
        -0.05519000000000001,
        0,
        -0.77110000000000001,
        -0.19988000000000003,
        0.60452000000000006,
        0,
        0.56639000000000006,
        0.21839000000000003,
        0.7946700000000001,
        0,
        3.1070800000000003,
        -0.56175000000000008,
        4.9947400000000002,
        1
      ],
      "name": "Lamp.003"
    },
    {
      "name": "Lamp.003"
    }
  ],
  "samplers": [
    {
      "magFilter": 9729,
      "minFilter": 9987,
      "wrapS": 10497,
      "wrapT": 10497
    }
  ],
  "scene": 0,
  "scenes": [
    {
      "name": "OSG_Scene",
      "nodes": [
        0
      ]
    }
  ],
  "textures": [
    {
      "sampler": 0,
      "source": 0
    },
    {
      "sampler": 0,
      "source": 1
    }
  ]
}

